name,type,method,sigma,filter_size,jpg_PSNR,PSNR,delta_PSNR,jpg_SSIM,SSIM,delta_SSIM,jpg_brisque,im_brisque,delta_brisque,jpg_niqe,im_niqe,delta_niqe
Case_1-01,gauss,method_2,2.6,19,40.1243415195432,29.7491089143067,-25.8577018645479,0.993165191062803,0.96869047823505,-2.46431440086646,48.5780172238037,55.9784895517312,15.234200057678,5.05276719129287,16.2202868814964,221.017895094154
Case_1-02,gauss,method_2,2.6,19,40.2936625114587,29.5147300244636,-26.7509375300142,0.993246756269472,0.970196415721172,-2.32070635044157,53.8161610245821,54.6084813202306,1.47227204721386,5.9108498153191,15.6470211462918,164.716946550384
Case_1-03,gauss,method_2,2.6,19,40.7579823144546,31.3819113917377,-23.0042568112891,0.99442544809773,0.978821041552465,-1.56918817545493,47.5404266849396,56.350931808821,18.5326589142131,5.40913135397936,17.4953646398194,223.441297592976
Case_1-04,gauss,method_2,2.6,19,40.7566554300348,31.4463497149223,-22.8436450853899,0.995071328187904,0.981244869429723,-1.38949423689656,53.7920847374751,56.3794894969617,4.81001019409088,6.0792129057849,17.9768080506682,195.709466492968
Case_1-05,gauss,method_2,2.6,19,40.6563617536659,31.151395942149,-23.3787909235628,0.994472962102587,0.977562817115075,-1.7004127444309,46.3343127857079,56.7631744532242,22.5078587347328,5.28565236009879,17.1872345391511,225.167706239951
Case_1-06,gauss,method_2,2.6,19,40.1417386244417,29.6645349688853,-26.1005228337992,0.994496388276641,0.972275896400697,-2.23434616132193,52.8066694589346,56.1465460060779,6.3247248526829,5.52714078445491,16.5901727472381,200.158316826269
Case_1-07,gauss,method_2,2.6,19,40.4615973408956,30.4760812862242,-24.6789961615744,0.995364202567059,0.975792959058836,-1.96623943856408,49.1584440070043,57.8533556578169,17.6875241404583,5.23736482224744,16.4705163345807,214.48098220343
Case_1-08,gauss,method_2,2.6,19,40.8944470608014,31.5201503858732,-22.9231530163266,0.99383241866745,0.97759302292311,-1.63401751032775,49.0591481238253,56.2351825871461,14.6273115978462,5.68987558094885,17.545228740033,208.358741600237
Case_10-01,gauss,method_2,2.6,19,39.5930836838117,27.1427139356014,-31.4458197993324,0.991118220598189,0.907861210318531,-8.40031073481907,44.3411033183141,56.3452810477621,27.0723478468115,4.23115178571016,14.4951380568168,242.58137715057
Case_10-02,gauss,method_2,2.6,19,40.733794669932,27.5362547227542,-32.3994856215047,0.992912062382252,0.91983987593722,-7.35938148134818,45.8059811647051,55.881538401887,21.9961607217911,5.43571905065486,15.128032936667,178.307852111018
Case_10-03,gauss,method_2,2.6,19,38.8352646797474,26.8750211331686,-30.7973787360745,0.989286174641934,0.90100560453773,-8.92366358360937,43.9798875119894,56.3932637223832,28.2251204189866,4.56483489340935,13.9172163939473,204.878855838593
Case_10-04,gauss,method_2,2.6,19,39.8312760942389,26.716326837335,-32.9262593191204,0.992085959710756,0.909309823621663,-8.34364555599863,44.5691755878955,55.932467665372,25.4958543154266,4.36448421475901,14.2257893133434,225.944341034325
Case_10-05,gauss,method_2,2.6,19,41.7899652277262,30.33351603973,-27.4143544402744,0.992970263291856,0.951385866002309,-4.18787941863318,49.5070847701359,59.5489339533334,20.2836608736352,5.19510269667655,14.93346430506,187.452725710568
Case_10-06,gauss,method_2,2.6,19,40.7310213493126,27.7101343297636,-31.9679855505729,0.993084464121922,0.926015029340138,-6.7536485772221,46.6571605832253,55.2813086477101,18.4840825216986,5.06929549086995,15.2043919466818,199.931064860308
Case_10-07,gauss,method_2,2.6,19,40.5605642863538,27.4516886342715,-32.3192635081082,0.993285302752977,0.923672551981709,-7.00833391758947,45.585122532247,56.0472928117805,22.9508438243916,4.82977595381036,14.2387045923873,194.81087173731
Case_10-08,gauss,method_2,2.6,19,40.5229346931248,27.5547579202846,-32.0020671529508,0.993147472315679,0.925012366733006,-6.86052247847993,45.6239641853153,56.0564362385519,22.866211298216,4.72161208708533,14.4477372345521,205.991618287954
Case_10-09,gauss,method_2,2.6,19,40.0078780489051,27.5819764456839,-31.0586369715284,0.992651311183458,0.922471625891928,-7.06992319466745,44.3244257077193,56.040824085484,26.433277342439,4.5605729705345,15.3074340295307,235.647168205198
Case_10-10,gauss,method_2,2.6,19,40.7102571824844,28.772094370649,-29.3247049713354,0.99149195570297,0.919348300890655,-7.27627232851971,44.1680823941782,57.7055425880839,30.6498708118921,4.87562609319863,15.3007017013255,213.82024398199
Case_11-07,gauss,method_2,2.6,19,40.9368636724512,28.7810876980732,-29.6939601226909,0.9893390384666,0.923828777513028,-6.62161891995164,48.0217404176075,52.4945751907628,9.31418714577721,4.67944116028176,13.8046380449945,195.006125136602
Case_11-09,gauss,method_2,2.6,19,44.5031593587925,35.3081181294989,-20.6615470941322,0.984656638030746,0.96861295806038,-1.62936797973074,37.6591836860141,55.9448492465147,48.5556609855339,6.02593098433085,15.140885201211,151.262174103581
Case_11-10,gauss,method_2,2.6,19,42.5756634263367,32.0156493892391,-24.8029347924743,0.986162652770785,0.949532394089303,-3.71442363778057,36.0037481822009,54.9013191787295,52.4877879405647,4.43299754088983,14.0426943529212,216.77649769466
Case_11-11,gauss,method_2,2.6,19,42.8280863348487,31.979381646037,-25.3308182018495,0.987084766978264,0.950620971627268,-3.69408956260375,36.2271863033264,57.4986819670856,58.7169411547869,4.56762776806261,14.2143233769362,211.197061116153
Case_11-12,gauss,method_2,2.6,19,42.452985164693,31.5223715323177,-25.7475736746681,0.987623947923083,0.946689053867267,-4.14478548661152,35.1433886250954,59.915988790802,70.4900726278195,4.65717232688841,13.6951205024386,194.065143850684
Case_11-13,gauss,method_2,2.6,19,43.8380530697313,33.554195425701,-23.4587462807078,0.985485177877938,0.958237649240843,-2.76488467292509,33.1575177633229,54.1692126084258,63.3693239496501,5.03567359698509,13.7843384402121,173.733755270892
Case_11-15,gauss,method_2,2.6,19,42.003660040386,30.6313380105437,-27.0745978300651,0.99248820071776,0.952083952279311,-4.07100541943259,45.8712119351911,54.0242860077768,17.7738362005884,4.95221971016896,14.0336551164059,183.381108628703
Case_12-01,gauss,method_2,2.6,19,41.0111927282213,32.5012620363401,-20.7502638323055,0.994263011660051,0.977149993356583,-1.72117619812651,44.7633284912045,56.6217845350326,26.4914528108833,6.11088114570221,16.9943259769116,178.099435608623
Case_12-02,gauss,method_2,2.6,19,40.7871974743764,32.4583313615232,-20.420295162681,0.994541972462326,0.978008255304251,-1.66244538851789,47.1136523380002,56.8048328698875,20.5697925144105,6.272331413327,17.3628772807084,176.816962251341
Case_12-03,gauss,method_2,2.6,19,40.6606092823555,32.2583815132619,-20.6642938150456,0.994187045093173,0.976986240527969,-1.73013766877157,46.4684751723321,54.9655597259881,18.285696963681,6.1421161429178,17.1040295376037,178.471281552134
Case_12-04,gauss,method_2,2.6,19,41.7569511599559,30.940630208917,-25.9030428481368,0.995485618639682,0.966184941392745,-2.94335515233017,48.8370112617688,56.8832765163217,16.4757528085094,6.10707009558806,17.4758973789157,186.158454142205
Case_12-05,gauss,method_2,2.6,19,41.2799432304647,30.3033294470987,-26.5906707334454,0.994572917810022,0.958109434246356,-3.66624537132547,47.7722825254363,55.3087629156131,15.7758432123565,5.1615130082406,16.6274094310639,222.142158791763
Case_12-06,gauss,method_2,2.6,19,40.6838040318007,30.5305995992505,-24.956379262406,0.994196235123879,0.96244081818197,-3.19407937990749,46.88827963153,56.2337695020824,19.9313985157774,5.11247720891657,16.6949634222533,226.553307526456
Case_12-07,gauss,method_2,2.6,19,41.0057019212603,30.4111553160192,-25.8367644226279,0.994053340034389,0.95691019006128,-3.73653489980968,47.2506723667254,56.731646528781,20.0652682536899,5.13713571237346,17.170431269145,234.241340515646
Case_12-08,gauss,method_2,2.6,19,40.9910848479172,30.823789031627,-24.8036758578415,0.994751006778037,0.964840054212174,-3.00687834061545,47.245330104084,56.6769991830873,19.9631774362139,5.56401364312637,16.8568744190641,202.962492550474
Case_12-09,gauss,method_2,2.6,19,41.1973509689648,30.8074195020831,-25.2199018201649,0.995264592245089,0.968042791961839,-2.73513199357803,47.8383897564182,56.7703935129566,18.6712048670913,5.44530600574033,16.6669580990095,206.079365997788
Case_12-10,gauss,method_2,2.6,19,40.5052619220948,32.0748013020703,-20.8132480077258,0.994174284836685,0.977982977843276,-1.6286185672232,47.2340035266977,55.5323633573266,17.5686141572532,6.2405336716369,17.7980180398761,185.200256522415
Case_12-11,gauss,method_2,2.6,19,41.3201892911475,30.3899690617755,-26.4524931199038,0.995114189323561,0.967327181418029,-2.79234365298526,45.9959369333285,59.6360868422427,29.655119165603,5.30574421386866,16.1109724958164,203.651511388431
Case_12-12,gauss,method_2,2.6,19,40.9411338466521,31.0695581260982,-24.111632466088,0.993506600367723,0.965737502215975,-2.7950592518932,45.6064423190951,56.9291953575971,24.8270912238231,5.43919702605624,16.8403651782706,209.611236688017
Case_13-01,gauss,method_2,2.6,19,40.3110678055739,28.4755710625418,-29.3604148620335,0.991095880771698,0.923041794134816,-6.86654923677953,44.0103834196838,56.2806667514799,27.8804281589332,4.55755444896653,15.106726366646,231.465625606987
Case_13-02,gauss,method_2,2.6,19,40.3473125222445,27.983185011506,-30.6442405647759,0.990621962501725,0.907730897747664,-8.36757793505077,43.5223920060981,56.6654956071298,30.1984863313353,4.29119870285684,14.8658128335771,246.425646141258
Case_13-03,gauss,method_2,2.6,19,40.574787971072,28.1402642847609,-30.645936326707,0.991547113887202,0.918152938807927,-7.40198564963239,44.1905143454065,56.3058674550462,27.4161848738451,4.69171143368485,14.739857833566,214.168039571636
Case_13-04,gauss,method_2,2.6,19,40.9274511082999,30.2699123082133,-26.0400745990393,0.990075412746099,0.936630261798253,-5.39808889906769,45.103572833803,60.1012233312373,33.2515797644179,4.75192283895638,15.5417670407373,227.062697931993
Case_13-05,gauss,method_2,2.6,19,40.4511249031522,30.313210979901,-25.0621310223717,0.990458891042677,0.943826592486819,-4.70815083569672,43.1904393786219,56.9399177168314,31.8345414772862,5.2369952116765,15.3878657551388,193.830052027349
Case_13-06,gauss,method_2,2.6,19,40.7162079835956,28.3497142334383,-30.3724103068236,0.99237457406576,0.924471186089671,-6.842515895776,44.6459252034246,56.7347150596493,27.0770284211681,4.4699219884167,15.3349609653488,243.069991044311
Case_13-07,gauss,method_2,2.6,19,40.0456286163906,29.1058609310243,-27.3182568568514,0.990591320773768,0.931660416656389,-5.94906323945451,43.378201219694,56.6702206683469,30.6421637479477,4.44957031801162,14.9517146171832,236.026032820729
Case_13-10,gauss,method_2,2.6,19,40.3431125602203,28.9864450448765,-28.1502015948612,0.989334416310908,0.923137820432556,-6.69102325634132,44.5918374255833,57.1552573443494,28.1742593355398,4.46965124100897,15.2703377583181,241.644950241599
Case_13-11,gauss,method_2,2.6,19,40.36770984048,27.9821583485396,-30.6818284735104,0.989987365021685,0.912620848621094,-7.81489937489211,44.5246149431246,57.1229472774679,28.295207831525,4.56948909262332,14.7214850037644,222.169168267188
Case_13-12,gauss,method_2,2.6,19,41.1853045841604,28.4413684881707,-30.9429205991376,0.990842485550154,0.919920347157511,-7.15776114033546,48.5053586498478,58.5522620858076,20.7129762888402,4.97381610219577,14.0899565584496,183.282619802316
Case_14-01,gauss,method_2,2.6,19,40.6081473960589,30.819540236071,-24.1050325800824,0.984486889133617,0.918386989387459,-6.71414728583419,48.95627213398,59.1801150532219,20.8836222073078,5.82654222035173,16.8982091813122,190.02122600756
Case_14-02,gauss,method_2,2.6,19,40.5989297588905,29.9823629189509,-26.1498687354308,0.983731517220021,0.89116624445363,-9.40960731114686,45.7733688080795,58.4166210490682,27.6214151813904,5.27625539011326,16.1675267164005,206.420472873537
Case_14-03,gauss,method_2,2.6,19,40.8617779076234,29.9123458478682,-26.7962693265786,0.986721523440019,0.909796506940895,-7.79602093110718,46.6293763323414,58.4082878378001,25.2607099471091,4.99148733343509,16.4164380801947,228.88870558141
Case_14-04,gauss,method_2,2.6,19,41.400273694879,30.0367592844475,-27.4479209827957,0.993510888694905,0.948576513631881,-4.52278637046956,46.6974385167673,58.7078047388845,25.7195396655532,4.91833564795031,15.9316830282897,223.924273751611
Case_14-05,gauss,method_2,2.6,19,40.827052767097,29.7230246908323,-27.1977214216492,0.987177607416376,0.914049595858364,-7.40778670510995,47.3051304161173,58.6657848328968,24.0156919912197,4.91851259401036,15.9165459142282,223.604862445834
Case_14-06,gauss,method_2,2.6,19,40.7593627272814,29.9191338422044,-26.5956780472952,0.990703865210651,0.935651423661664,-5.55690186363432,47.1359625162991,59.0812703785978,25.342238122682,5.26551915596681,15.9487284728948,202.889952547641
Case_14-07,gauss,method_2,2.6,19,40.5759111172299,29.5520624348324,-27.1684563053876,0.98758833122317,0.907039953220708,-8.15606821748282,45.8251062387315,59.5644400041754,29.9821100116324,5.21411837780664,15.2183591883652,191.868309955152
Case_14-08,gauss,method_2,2.6,19,40.9825206017093,30.1922666826648,-26.3289172081681,0.989910632527766,0.92927898603927,-6.12496163756433,47.4413024189344,59.5331395324029,25.4879956850478,4.93773846673607,17.0875973815315,246.061207912186
Case_14-09,gauss,method_2,2.6,19,40.8791733220383,29.9655811877165,-26.6971938212806,0.987979838025813,0.91013768824791,-7.87892088298562,46.3229744537868,59.7422705313441,28.9689862013175,4.99955059971271,16.0503264582439,221.035383843625
Case_14-11,gauss,method_2,2.6,19,40.6347454610854,29.7847925402343,-26.7011711227322,0.985057610735567,0.895074454428805,-9.13481154057264,45.0873694750729,58.781259443466,30.3718982229909,5.26449287021899,16.2485309511658,208.643802009554
Case_14-12,gauss,method_2,2.6,19,40.9922175378572,30.1065440461919,-26.5554638062996,0.984914970693616,0.894641669382799,-9.16559337576554,46.2856580544213,59.058286480206,27.5952183952253,4.81726589656943,15.4131022950673,219.955398477041
Case_15-02,gauss,method_2,2.6,19,42.0597099960202,32.5580753569742,-22.5908229988868,0.98982619518326,0.957589778282601,-3.25677548821495,42.9364934399521,58.2933028441126,35.7663334236583,6.05522835369932,16.0569502229445,165.174974171451
Case_15-03,gauss,method_2,2.6,19,40.9230120604871,30.7048206511459,-24.9693042981246,0.988217413443731,0.943740248835833,-4.50074690071528,50.247243140015,60.0326206960252,19.4744565960426,5.17249847332673,16.1144870152797,211.541648554911
Case_15-04,gauss,method_2,2.6,19,41.9047465064733,33.1001343967651,-21.011013891584,0.989915138964333,0.959860971010954,-3.03603478423629,40.7016826122581,59.8222968487758,46.9774540248593,5.65887435055814,16.2469438163969,187.105576302369
Case_15-05,gauss,method_2,2.6,19,42.1533305085675,33.5358071323301,-20.4432799787574,0.991842651711172,0.967006934473796,-2.50399770513284,41.6898321867059,59.6324806624866,43.0384281601935,5.96756632083848,16.097687567226,169.752973017049
Case_15-06,gauss,method_2,2.6,19,42.0663070808222,33.5582757396357,-20.225287009007,0.992277359582069,0.966727852047669,-2.57483528044628,40.0562292980952,59.3629260846324,48.1989870860242,5.98326977185815,16.8586547481609,181.763239682995
Case_15-07,gauss,method_2,2.6,19,42.3099757989073,34.2391183262624,-19.0755426356292,0.99384930447978,0.977150415130189,-1.68022347797801,46.8239931059792,58.0995348024779,24.0806922873456,6.50240469509588,17.4120600063767,167.778780664159
Case_15-08,gauss,method_2,2.6,19,41.9066200404648,33.382271974913,-20.3412922763055,0.992120787982452,0.970141819583124,-2.21535206857461,43.0742091265175,59.6528284305917,38.4885053963022,5.80314957110045,15.8886063602194,173.792811395802
Case_15-09,gauss,method_2,2.6,19,41.596007317407,32.0743590513879,-22.8907745720934,0.991373352868324,0.959661937526012,-3.19873590010883,46.0586987428381,59.2704706157786,28.6846398911668,5.75227094969429,16.5822548034824,188.273187207284
Case_15-10,gauss,method_2,2.6,19,40.9697811614098,31.7751890399746,-22.4423754796516,0.991970569641565,0.965002711689775,-2.71861472276683,50.055128240806,59.6179799476351,19.1046393105299,5.3493002216843,15.6493217733635,192.548952663497
Case_15-11,gauss,method_2,2.6,19,40.7107148787747,30.8845228309578,-24.1366236802194,0.990829792485753,0.953748752307517,-3.74242281161218,49.6808820927777,55.9091966534737,12.5366424635231,5.42733655272111,16.4064981463722,202.293730764614
Case_15-12,gauss,method_2,2.6,19,42.1745339815716,33.1994436368147,-21.2808287310977,0.992852318847417,0.97134926744469,-2.16578548435984,43.3729027019794,57.7116667133397,33.0592676950486,6.25647683181641,16.613654187302,165.543286323952
Case_16-01,gauss,method_2,2.6,19,41.7506393909611,32.3664529488718,-22.4767490485929,0.98599097457988,0.951190725304637,-3.52946935341579,38.2250899104248,58.8833759942231,54.043786769915,5.37865537590272,15.3485927737056,185.361148856457
Case_16-02,gauss,method_2,2.6,19,41.8898028220921,32.865852020339,-21.54211811423,0.989928753690464,0.964526184761315,-2.56610072537526,41.265349711271,55.7572019236937,35.1186947737522,5.54145830300435,16.1586700764769,191.59598778748
Case_16-03,gauss,method_2,2.6,19,41.5550229740927,31.872994051833,-23.299298687179,0.987875351045851,0.94766694929358,-4.07018979770099,35.610851952919,59.2545988464873,66.3947802339233,4.98064001296287,15.3807776915413,208.811270268691
Case_16-04,gauss,method_2,2.6,19,42.0437709042922,32.8706930871818,-21.8179236063099,0.987389660671183,0.954947850234534,-3.28561374792965,37.6993744716401,58.2377322082783,54.4793064194964,5.64272160237508,15.6924430304384,178.100607051628
Case_16-05,gauss,method_2,2.6,19,41.980497057403,32.5584414102842,-22.4438877754003,0.986320401332131,0.956628189654506,-3.01040226254295,37.8882291214112,57.8310513693167,52.6359312914826,5.5478858614578,15.5563727122524,180.401816128292
Case_16-06,gauss,method_2,2.6,19,40.8642376942253,31.0846635150462,-23.9318649533039,0.992169904948098,0.960194915841365,-3.22273321809789,44.4805819334174,59.3994040832215,33.5400786170828,5.14544144076471,16.3985630354914,218.700800004718
Case_16-07,gauss,method_2,2.6,19,41.9071849615702,32.4110005379701,-22.6600389224624,0.990011201082434,0.961941405997628,-2.83530075761927,40.1668147255327,56.524528799654,40.7244492397432,5.0223022407424,15.9400887128375,217.386090058993
Case_16-08,gauss,method_2,2.6,19,40.9808203565945,31.4892001694246,-23.1611278265749,0.992673056665318,0.96203618160551,-3.08630065600107,47.1380580646465,60.0799414370432,27.4552747901662,5.28313514965156,16.3672806003005,209.802421037441
Case_16-09,gauss,method_2,2.6,19,41.4484758986632,32.13875422614,-22.4609505432345,0.991294390398174,0.959593863950094,-3.19789224625259,45.774557361174,59.9383208650415,30.9424368478573,5.98423684027914,16.1803353917572,170.3826038911
Case_16-10,gauss,method_2,2.6,19,41.9138920062146,33.632732055596,-19.7575542481019,0.989537516712295,0.958770295966112,-3.10925257775024,41.3333126206504,61.2320005890473,48.1420111449169,6.4218719767518,16.3406412765808,154.452927989479
Case_16-11,gauss,method_2,2.6,19,41.1527713879631,32.3273280556878,-21.4455625578032,0.993022652653416,0.969630299806304,-2.35567162386542,46.5172479678122,59.5085850298524,27.9280001066046,5.45333973905562,15.3564311060271,181.596816645178
Case_16-12,gauss,method_2,2.6,19,41.2037664620823,32.2611286825463,-21.7034473966486,0.992834867064233,0.968038179015646,-2.49756418425444,44.4348551295668,60.1639036777492,35.3979966904772,5.31642442000656,15.8210698169202,197.588540098172
Case_16-13,gauss,method_2,2.6,19,41.038933728537,31.4826194702967,-23.2859711255003,0.992053522341893,0.961628546315853,-3.06686840385554,47.3352817184683,59.9310544655496,26.6096921573132,4.99029939866669,15.978587282568,220.192958499387
Case_17-01,gauss,method_2,2.6,19,40.4893738637087,30.2302177748024,-25.3378976010833,0.993196520814884,0.961895599801497,-3.15153349386539,46.4044795255673,56.698240815147,22.1826888154367,4.87738851595449,16.5355096347743,239.023835822895
Case_17-02,gauss,method_2,2.6,19,40.2663881663561,30.474098929352,-24.3187672968045,0.993197902310419,0.966062598344664,-2.73211450634681,48.7215290660328,56.5273972431637,16.0213940875123,5.69497946185686,16.3962467557537,187.907039271528
Case_17-03,gauss,method_2,2.6,19,40.3401057611078,29.8695878632127,-25.9556034877573,0.991772963567558,0.954927188040368,-3.71514216264273,46.6715454627743,56.0274544180982,20.0462805817866,5.04651545635714,17.0336931023556,237.533754719766
Case_17-04,gauss,method_2,2.6,19,40.1827488407105,29.7579688853064,-25.9434216328237,0.993070045661353,0.960173502224858,-3.3126105837365,46.5706397858526,55.5982154937844,19.3846933377844,4.89533948648933,16.8934249825868,245.092000855324
Case_17-05,gauss,method_2,2.6,19,40.5817861760357,29.8908147974349,-26.3442602852065,0.990635323358766,0.949420661561259,-4.16042723550049,47.2016648313318,57.4103785368042,21.6278678770161,4.89516586954939,16.4007264277993,235.039237992339
Case_17-06,gauss,method_2,2.6,19,39.7246067001852,29.0615157518593,-26.8425337192229,0.992102306165053,0.95185520381741,-4.05674919789447,45.7820547505243,55.2495239865655,20.6794327769503,4.75809278694165,16.3236004414419,243.070242056675
Case_17-07,gauss,method_2,2.6,19,40.445020730211,29.9470340594255,-25.9561906045553,0.992645042404579,0.957480434229456,-3.54251587152844,48.5754558899954,55.4833261180903,14.2209066318153,5.41972299640476,16.9906762099005,213.497132993171
Case_17-08,gauss,method_2,2.6,19,40.7569760756542,30.6108824836383,-24.8941275063744,0.994120704022591,0.96796489873526,-2.63104924598137,49.9919593037543,58.3990449276525,16.8168756355723,5.32806484931548,16.5738980769125,211.067874465565
Case_17-09,gauss,method_2,2.6,19,40.6116158464246,30.3138409049598,-25.3567230134513,0.992541192725141,0.961603143638111,-3.11705441686361,47.9579532223376,58.4543359576826,21.8866361679006,4.7901881956514,15.4933316338506,223.438892190408
Case_17-10,gauss,method_2,2.6,19,40.9001424931561,30.5578014013309,-25.2868094372919,0.991942603903668,0.958181812511502,-3.40350250703061,49.3704038393325,57.2475243735848,15.9551470550797,5.27398433291453,17.5863511701425,233.454748061868
Case_17-11,gauss,method_2,2.6,19,39.6893380627512,29.3604403804174,-26.0243636867997,0.993866584952819,0.963034713420067,-3.10221432127283,46.98750761514,55.2437191483798,17.571077829588,5.11717142130362,16.9449405734569,231.138810455173
Case_17-12,gauss,method_2,2.6,19,40.305383942563,29.9531847864416,-25.684407747793,0.992325276963886,0.957984796313466,-3.46060726735577,48.428371604011,55.5165478264194,14.6364124740079,5.23314898223992,17.1517214389609,227.75144558601
Case_2-01,gauss,method_2,2.6,19,42.5177628789651,34.3204367974293,-19.2797680933287,0.992246123906767,0.97738230340347,-1.49799733606157,43.9298260609891,55.780015125541,26.9752697133376,6.33497381597847,17.6026020031423,177.863847814871
Case_2-02,gauss,method_2,2.6,19,42.7075509884463,35.3632703925903,-17.1966793362673,0.992281005479367,0.98421227837451,-0.813149406297316,47.6422231498425,56.9714714473041,19.5818911895014,7.14958798726614,17.4896218841267,144.624192544757
Case_2-03,gauss,method_2,2.6,19,42.0301422927871,33.6458425194763,-19.9483021373203,0.993347079295159,0.979749397490858,-1.3688751985811,42.2347651974542,57.6412469329504,36.4781990937288,6.98690574056007,17.9164523176576,156.428997083069
Case_2-04,gauss,method_2,2.6,19,42.3780395189178,34.4601344539843,-18.6839815027285,0.993207584090285,0.982157254205176,-1.11259016363934,45.665062011138,55.4649671478065,21.4604003697143,6.87102523333127,18.4313019128665,168.24675047701
Case_2-05,gauss,method_2,2.6,19,43.6475283539651,37.7127069654107,-13.5971534067754,0.991175609176272,0.985358988772995,-0.586840550698264,43.5154431770058,50.8553202969404,16.8672925841029,7.8925477364813,19.6880717110198,149.451411234635
Case_2-06,gauss,method_2,2.6,19,43.0906276780858,35.8670920573412,-16.763588766237,0.992718085137665,0.98714235848323,-0.561662645005804,54.3654207058895,59.2060877646959,8.90394481630868,8.08952908772281,18.426823450101,127.786107822601
Case_2-07,gauss,method_2,2.6,19,42.8394079747001,35.6688179925492,-16.7383031679281,0.992881235649258,0.986449696114758,-0.64776524155921,53.9136968067365,57.5379128792796,6.72225480203071,7.31422350966291,18.5131372485455,153.111450915981
Case_2-08,gauss,method_2,2.6,19,42.4162472231795,34.5912176425066,-18.4481892976066,0.993150274539137,0.982499861511779,-1.072386858303,46.4122892423223,55.5828826111603,19.7589765955253,7.20868863202846,19.0126986387512,163.746981028937
Case_3-01,gauss,method_2,2.6,19,41.307437692703,32.6562434209701,-20.9434299364957,0.993053638434328,0.977848314647833,-1.53116842816949,54.1805146383248,52.8092337611933,-2.53094841620693,6.01002949194411,15.3878406415389,156.03602548315
Case_3-02,gauss,method_2,2.6,19,40.2865974369392,30.9215490395153,-23.2460644314354,0.993681147372306,0.971831191291568,-2.19889007037302,53.6679424528539,57.4011224050744,6.95607057322905,5.49098849092056,16.2149152778288,195.300478313521
Case_3-03,gauss,method_2,2.6,19,40.2847323803669,30.7387093811493,-23.6963793356858,0.992307267418318,0.965854839685111,-2.66574967268236,52.9651578407578,57.0998238769109,7.80638858584012,5.20498115333242,15.2680954701367,193.336229668411
Case_3-04,gauss,method_2,2.6,19,40.46461065589,31.3349214564984,-22.5621575282912,0.993997176000142,0.972089162886357,-2.20403172591926,51.0016363349276,57.8852205911076,13.4967909872058,5.21565292602728,16.5490320727755,217.295500821999
Case_3-05,gauss,method_2,2.6,19,40.1070872317667,30.8917976746085,-22.9767110832702,0.99317457303222,0.972826112844665,-2.04883015937776,50.5812990579187,54.6050554709773,7.95502782253807,5.67618984765662,15.862007602017,179.448151449084
Case_3-06,gauss,method_2,2.6,19,40.2408621760973,30.8555704043884,-23.3227899805876,0.993006957473022,0.965843805788075,-2.73544424644021,49.6234232341572,57.580559666231,16.0350413443397,5.26758212319424,16.5271710000875,213.752507574869
Case_3-07,gauss,method_2,2.6,19,40.7710337035507,32.971158936842,-19.1309222705075,0.995538766899587,0.982582416945796,-1.30144102716772,47.1843516907371,59.8881600964755,26.9237744093711,5.95322584115053,17.5998710460083,195.635870629207
Case_3-08,gauss,method_2,2.6,19,40.7408121352567,31.1810079909205,-23.4649326886228,0.993463630748825,0.97132005707971,-2.22892645324364,55.3166868031109,57.8827716247911,4.6388982601465,6.40248452096811,15.9891029932163,149.732786402717
Case_3-09,gauss,method_2,2.6,19,41.131086245922,33.4957785613556,-18.5633504520524,0.993216102506091,0.977903704993348,-1.54169847569998,49.2880930538128,58.6873726683509,19.0700817016312,6.25778648353856,17.6464288040956,181.991545261499
Case_3-10,gauss,method_2,2.6,19,40.6418749449739,32.1543693511572,-20.8836467444185,0.994699506489618,0.977414196714984,-1.73774186695181,49.2133456560511,57.318707231062,16.4698446467321,5.26326374097889,16.8377092567445,219.91004223575
Case_4-01,gauss,method_2,2.6,19,42.7205331648897,35.3906702604514,-17.1577046478962,0.990947674455422,0.986309181391326,-0.468086578501266,47.6241928034147,58.360389263543,22.5435767582365,6.71669192805183,16.9815353638315,152.825878359989
Case_4-02,gauss,method_2,2.6,19,41.8263489504744,34.5079315103926,-17.4971462336992,0.99721466873882,0.992376020668051,-0.485216295192328,50.9541700313946,60.9860158497303,19.6879780637282,6.86467568380226,17.6401159199219,156.969400048209
Case_4-03,gauss,method_2,2.6,19,41.9973715752968,34.4163306579965,-18.051227095744,0.995442080452203,0.990221257604898,-0.524472789510047,45.8209988294559,65.2237801401412,42.3447367066393,6.28564284550318,16.2606339696331,158.694844255526
Case_4-04,gauss,method_2,2.6,19,41.6390502699872,34.1678109139787,-17.9428668703178,0.997296146943675,0.992068047353056,-0.524227392900346,49.9536064670217,60.608416664583,21.3294113300817,6.376787703006,17.7364949022217,178.141530317228
Case_4-05,gauss,method_2,2.6,19,41.6388733072671,33.9249731083922,-18.5257178837465,0.996766147618317,0.990242057849301,-0.654525616124229,49.075208799759,60.4186846470581,23.1144729176472,6.47435374698302,18.0689253058884,179.084616195219
Case_4-06,gauss,method_2,2.6,19,41.8234730165301,34.1738267602785,-18.2903181025359,0.996923606237203,0.992049212010663,-0.488943605712987,55.2717747320059,59.2695560453999,7.2329526829523,7.44121216850045,17.5415472112212,135.735076678457
Case_4-07,gauss,method_2,2.6,19,41.9694131752152,34.9906599049905,-16.6281888219157,0.996560209121327,0.992118172099663,-0.44573694404079,45.7052833620013,65.3019324393914,42.8761132978392,6.35551692967407,16.6908402833977,162.619712418163
Case_4-08,gauss,method_2,2.6,19,42.952663787659,37.2203911050868,-13.3455580564463,0.996687007738277,0.993827706503746,-0.286880556516884,48.8604325428241,64.6801821322824,32.3774243619168,7.96268486130395,17.5985414598539,121.012657996514
Case_4-09,gauss,method_2,2.6,19,42.1723849273134,35.3246991648486,-16.2373690135553,0.997199315080903,0.992938198999798,-0.427308364201971,46.6506291952677,64.1564612255248,37.5253931881222,6.89749112742768,17.7233084325522,156.952971814287
Case_4-10,gauss,method_2,2.6,19,41.5103381247098,33.7100843207784,-18.7911112178779,0.996164698821682,0.989692173222433,-0.649744525870593,50.5919682367263,57.956950628045,14.5576119056231,6.188559094207,17.1341189961808,176.867663948136
Case_5-01,gauss,method_2,2.6,19,42.2184946579638,34.1417208682907,-19.1308900402719,0.992770711425418,0.978347832382388,-1.45279054640141,49.9296117592758,59.1857053681982,18.5382847628549,6.80877361275006,17.7666032721432,160.936907035263
Case_5-02,gauss,method_2,2.6,19,42.5044667441731,34.3413472403913,-19.2053215322386,0.989949509267233,0.974986010882652,-1.51154157303001,51.253718847535,57.6932423211347,12.5640121700347,6.63546105768352,18.0731359110761,172.371968638838
Case_5-04,gauss,method_2,2.6,19,42.7565639495245,34.6859840788052,-18.8756511871414,0.989771312583484,0.976850283892901,-1.30545597011263,46.7518062141719,57.5783137099856,23.1574101035092,6.40842137840232,18.3154909821764,185.803474844886
Case_5-05,gauss,method_2,2.6,19,42.5425138591723,34.5535776947468,-18.7787120217464,0.993159216057417,0.981497070817124,-1.17424729607701,55.1558907700461,57.8751813871814,4.93019073605828,7.57892292402838,18.7624647823782,147.561097671192
Case_5-07,gauss,method_2,2.6,19,42.6651039367332,34.6635268687246,-18.7543831602376,0.990574429141205,0.977509009346356,-1.31897406297637,49.3180285941322,58.3912053410703,18.3972818978769,6.21774305430291,18.3887228226878,195.745942894216
Case_5-08,gauss,method_2,2.6,19,42.4709891365469,34.3378920971239,-19.1497707135442,0.991902920106011,0.978980324428288,-1.30280851238364,55.000412588503,58.4480820482723,6.26844290344462,7.35638361751793,18.9681369243815,157.845945923921
Case_6-01,gauss,method_2,2.6,19,40.4450749265611,30.6408321601823,-24.2408816998881,0.992873143326068,0.970802859292581,-2.22287048268356,48.0386433206772,58.4038380779403,21.576784939723,5.24735246855855,15.3428045061818,192.391345885642
Case_6-02,gauss,method_2,2.6,19,40.3562738345134,30.4810959938706,-24.469994135577,0.992592847584084,0.969681420858664,-2.30824015921379,50.3106364478088,55.9010758694885,11.1118439685794,5.59105613167987,16.8709537428602,201.748960223571
Case_6-03,gauss,method_2,2.6,19,40.4301903515367,30.7555692357868,-23.9292000152113,0.99345590114111,0.97191634558239,-2.16814410523698,48.3292852673661,56.5741276203338,17.0597233279073,5.53124116064191,16.7165981206082,202.221465944331
Case_6-04,gauss,method_2,2.6,19,40.9938243792845,31.9751674189936,-22.0000380468242,0.992220088621849,0.974079038227893,-1.82832927915757,41.7328471743155,56.5533534985755,35.5128090406956,5.23128910223468,15.6910506084415,199.946156708078
Case_6-05,gauss,method_2,2.6,19,40.5441459166117,30.9059032256623,-23.7722178456359,0.994127957164994,0.976503307736278,-1.77287534282579,52.627238418403,55.2116016761362,4.91069517497147,5.73151987555665,16.5273509919236,188.358958021035
Case_6-06,gauss,method_2,2.6,19,40.7472880006067,31.8467118673528,-21.8433583435575,0.994282737351204,0.978847810662566,-1.55236796424292,47.2561258701719,57.6460569133615,21.9864215524864,5.61595376343538,16.8693598967647,200.382813095765
Case_6-07,gauss,method_2,2.6,19,41.0058667661805,32.2255412689555,-21.4123641070467,0.992633351677338,0.974885982196072,-1.78790783639062,38.8959674569155,58.09495016283,49.3598281805974,5.94856164388029,16.4416529368459,176.397117843783
Case_6-08,gauss,method_2,2.6,19,40.3817039769194,30.9469039974845,-23.3640462146606,0.991943856741357,0.970547902836506,-2.15697226808167,47.6942447490029,55.4944320752514,16.3545672382443,5.52439192664635,16.0945269166954,191.335718580448
Case_6-10,gauss,method_2,2.6,19,41.1153423271258,31.886550007264,-22.4461035650264,0.992849287328636,0.977201679062513,-1.57603056836797,54.2036759836895,56.9327875700352,5.03491974818624,6.07106522110443,16.1429757013899,165.900218717354
Case_7-01,gauss,method_2,2.6,19,44.8568747898496,38.1445697668466,-14.9638267365917,0.983416971045561,0.971752967537431,-1.18606896683198,38.8162190182843,54.9301593255993,41.5134207165427,7.47620139773226,16.4649801366846,120.231896664513
Case_7-02,gauss,method_2,2.6,19,44.7277652038988,38.1820167725711,-14.6346422663592,0.983677243344076,0.974766373456031,-0.905873338875998,37.9991362831315,56.1145433097915,47.6732073373514,7.28269288729751,16.5244729126242,126.900587026623
Case_7-03,gauss,method_2,2.6,19,44.5269809219563,36.3847282286594,-18.2861099600893,0.98510198477444,0.970145971667647,-1.51821977195767,41.1909966238382,60.5155773142358,46.9145742378418,6.48399323076285,16.8760769284227,160.272895541521
Case_7-04,gauss,method_2,2.6,19,44.5915020023641,37.4876636615959,-15.9309241038608,0.98616706165761,0.974944217086023,-1.13802671047677,37.959117967599,58.0860569751527,53.0226730366432,7.25385321669976,16.6697423927956,129.80534475689
Case_7-05,gauss,method_2,2.6,19,44.2538534425752,35.9788145982413,-18.6990243800391,0.986680512417376,0.972241377829952,-1.46340526702482,38.4414065075738,59.2698254680954,54.1822499559632,6.32279253069841,15.4025889851881,143.604213018306
Case_7-06,gauss,method_2,2.6,19,43.9241724627487,35.6114328095181,-18.9252049319324,0.986232339678421,0.972522694628677,-1.39010297048402,37.1511767142108,59.6428732702222,60.5410071638673,6.55222891618182,15.2601670004774,132.900394593814
Case_7-07,gauss,method_2,2.6,19,43.9564710102486,36.30802486276,-17.4000459356834,0.986743305537546,0.977228112266817,-0.964302794590051,37.2381015642734,51.6631215687193,38.7372594157309,6.46348295982947,16.358310033019,153.088159041895
Case_7-08,gauss,method_2,2.6,19,44.214509587022,36.0772968677003,-18.4039420437453,0.986306716499047,0.969558355601532,-1.69808849694997,38.0357634295705,60.0869949591152,57.9749939037667,6.75877614761134,16.4364439340439,143.186689055427
Case_7-09,gauss,method_2,2.6,19,43.51017928239,35.3105595310917,-18.845290657345,0.988742412375577,0.974457552308438,-1.44475041106193,36.3357992728276,62.0241861301186,70.6971839656247,5.90702257090208,15.7234837354663,166.182895811504
Case_7-10,gauss,method_2,2.6,19,43.9529350569249,37.2236322203095,-15.3102468080917,0.979174627831952,0.959027401109453,-2.05757238288618,38.3838344074964,47.1248720897386,22.7727057944348,7.27385328047895,17.6108214469367,142.111309753792
Case_7-12,gauss,method_2,2.6,19,43.7955972600845,35.2609698910012,-19.4874094726911,0.987687106890389,0.970057910803642,-1.78489685283534,41.7355335624763,55.1915707011542,32.2412006990033,6.24277094097634,15.9238119729354,155.076025109532
Case_8-01,gauss,method_2,2.6,19,42.223548162353,31.51767411569,-25.3552212274962,0.98224817089209,0.934417585180056,-4.86950112297934,46.7534923028466,56.1910565963456,20.185795389074,4.99781559012759,15.4407336290323,208.949647112491
Case_8-02,gauss,method_2,2.6,19,42.5175271090553,32.5776775331962,-23.3782401087531,0.981272692033536,0.949314955799217,-3.25676404670866,38.0205501090338,62.7428597910383,65.0235454539896,5.18671480378216,13.7821964452549,165.721115709021
Case_8-03,gauss,method_2,2.6,19,42.2753175531165,33.4066908194235,-20.9782616595373,0.980091364466708,0.95778275176672,-2.27617684521955,40.4960534778798,56.7048582505754,40.0256404776562,5.10862938534089,15.3463109272946,200.399770070042
Case_8-04,gauss,method_2,2.6,19,42.8149279916831,32.8644897106776,-23.2405816096161,0.982210559759208,0.949628429992702,-3.31722454444931,40.4430282117647,60.4195631596646,49.3942610906886,5.10548683362297,13.7444977175247,169.210325389699
Case_9-01,gauss,method_2,2.6,19,39.0533335869424,28.3417054994999,-27.4282042110331,0.9892820332243,0.93462398398961,-5.52502192489509,44.7284407196616,56.3927322801383,26.078019651039,3.7335367996764,13.9867818512454,274.62552538541
Case_9-02,gauss,method_2,2.6,19,39.7959148131743,28.9262639854548,-27.3134840064567,0.984716607875787,0.922725803595078,-6.29529387286703,44.2294082272614,53.6975466528369,21.4068847064965,4.27689841655933,14.4413349317663,237.65905862651
Case_9-03,gauss,method_2,2.6,19,39.8376725574365,27.2231679508085,-31.6647630165665,0.985805052285832,0.864209101545686,-12.3346852867305,45.1247185886074,56.6187017941173,25.4715897738846,4.18653931428145,14.0841818072842,236.415849702859
Case_9-04,gauss,method_2,2.6,19,39.2449963618818,28.7566544430146,-26.7252972128044,0.988087306954144,0.9189611439886,-6.99595698467492,44.9021977325746,60.2401489398794,34.1585757085957,4.14392220820603,14.7404702970813,255.713007061073
Case_9-05,gauss,method_2,2.6,19,39.3461780711587,27.3041620363107,-30.6053005022995,0.988029667425887,0.880571981200684,-10.8759574502618,44.4804431241853,56.7129688170169,27.5009078904173,4.00059789142138,14.9214955941595,272.981639223383
Case_9-07,gauss,method_2,2.6,19,39.6462035082325,27.2017970013163,-31.3886460889808,0.986234206885683,0.88154797246157,-10.6147438096565,45.7956243092311,57.4324147970843,25.4102671671793,4.08944660040316,13.7754966762341,236.854788001782
Case_9-08,gauss,method_2,2.6,19,39.9674716616681,27.6884846984615,-30.7224511651637,0.98865884479048,0.899834123657615,-8.98436519340387,46.0893483967633,58.5675095092629,27.0738501336156,4.19348381298475,14.1742861942335,238.007414034701
Case_9-10,gauss,method_2,2.6,19,39.8052254858843,27.5758629447477,-30.7230078258781,0.989789502040503,0.902887550736157,-8.77984168605485,44.6655426316377,56.0569939133294,25.5038909425963,4.26522602537055,14.0717955610602,229.919105748626
